5.2417838e-03
4.7058477e-03
3.4175698e-03
1.0614426e-02
-1.6237458e-02
4.0785443e-02
3.2995658e-01
2.6672822e-01
-2.1617054e-01
-3.2598393e-01
-1.5862459e-02
2.4370953e-01
1.3434536e-01
-1.0375911e-01
-1.3199146e-01
1.7450346e-02
6.4645538e-02
-9.8628650e-03
1.0911691e-02
8.7060324e-02
5.0065107e-02
-1.1414814e-01
-1.4862931e-01
6.7889670e-02
2.6081222e-01
1.0926066e-01
-2.4683570e-01
-2.7220907e-01
9.8564982e-02
3.7886114e-01
1.6507848e-01
-2.9007973e-01
-3.4179561e-01
8.1426745e-02
3.9967945e-01
1.6998082e-01
-2.7924264e-01
-3.3102845e-01
6.4485382e-02
3.5250027e-01
1.6173435e-01
-2.1134868e-01
-2.7156102e-01
2.0516354e-02
2.4183024e-01
1.2345242e-01
-9.7794281e-02
-1.0849308e-01
1.8237454e-02
7.8943939e-02
1.9385888e-02
-9.2460663e-04
2.9362816e-02
1.3228873e-02
-7.1492395e-02
-1.0170365e-01
5.7336182e-02
2.1287485e-01
6.0522892e-02
-1.9404833e-01
-1.9097764e-01
9.5911474e-02
3.1937184e-01
9.9975916e-02
-2.4680757e-01
-2.4625210e-01
1.0310755e-01
3.4961903e-01
1.4136878e-01
-2.2060998e-01
-2.4757983e-01
8.5381422e-02
2.9319066e-01
1.2471960e-01
-1.6779996e-01
-1.9932722e-01
5.2134633e-02
2.0291940e-01
1.0384192e-01
-8.6764621e-02
-1.0910011e-01
1.2769499e-02
6.7887717e-02
1.8897999e-02
-9.9148180e-03
1.2385125e-02
1.1714033e-02
-5.5258452e-02
-6.1214296e-02
5.4166268e-02
1.4252581e-01
3.9567868e-02
-1.5590116e-01
-1.5404336e-01
7.8977142e-02
2.2894902e-01
6.7322484e-02
-2.1764827e-01
-2.0433541e-01
8.7711495e-02
2.6610557e-01
8.1991978e-02
-2.0993227e-01
-2.0176081e-01
7.4294341e-02
2.4016618e-01
7.3847858e-02
-1.7733001e-01
-1.7406440e-01
4.5211603e-02
1.8194407e-01
6.7386547e-02
-9.5527099e-02
-8.4677517e-02
1.8941358e-02
7.9065814e-02
3.4908505e-02
-1.3349575e-02
1.2748796e-02
1.2648796e-02
-3.8231933e-02
-6.1315468e-02
3.7799122e-02
1.0645442e-01
2.0176511e-02
-1.3135240e-01
-1.2698678e-01
7.9764249e-02
1.9161396e-01
4.0150288e-02
-1.6350935e-01
-1.2517741e-01
1.1167823e-01
2.3155605e-01
5.0289325e-02
-1.6929644e-01
-1.4262542e-01
8.0810731e-02
2.2028576e-01
5.6072513e-02
-1.4897774e-01
-1.1536884e-01
7.5035355e-02
1.5067032e-01
4.1624113e-02
-9.2513825e-02
-7.5170510e-02
2.6124934e-02
5.8076805e-02
2.1987444e-02
-5.4367045e-03
1.2489812e-02
6.1765471e-03
-2.1143695e-02
-2.5226107e-02
2.6593682e-02
7.6745898e-02
4.1812397e-03
-1.0234349e-01
-8.0095107e-02
6.6863110e-02
1.2548718e-01
5.2531119e-03
-1.4359690e-01
-1.0241224e-01
1.0013685e-01
1.9535106e-01
3.1006171e-02
-1.6118787e-01
-1.2814967e-01
7.2083410e-02
1.6124803e-01
2.6226105e-02
-1.3776449e-01
-1.2165633e-01
4.9468233e-02
1.2593171e-01
3.6059283e-02
-7.2718954e-02
-5.2987755e-02
3.7806544e-02
5.1099479e-02
2.8831961e-03
-1.7765970e-02
6.2331875e-03
7.8261522e-03
-2.3548767e-02
-2.1237445e-02
3.1818669e-02
6.4657647e-02
-1.4903868e-02
-7.7133396e-02
-5.0516667e-02
5.6226028e-02
1.0704504e-01
-1.9910101e-03
-1.2710514e-01
-7.9068157e-02
8.7863838e-02
1.4445315e-01
1.3013248e-02
-1.3100474e-01
-8.6024779e-02
7.7353318e-02
1.5642655e-01
2.9060863e-02
-1.0919542e-01
-8.1714244e-02
4.6054961e-02
9.9113028e-02
2.8619458e-02
-5.2174866e-02
-4.8369407e-02
3.0579610e-02
6.6723658e-02
2.0408542e-02
-6.2687336e-03
1.2593718e-02
2.8906557e-05
-1.6779644e-02
-1.8593699e-03
2.7400711e-02
4.6745584e-02
-1.3612465e-02
-6.6080299e-02
-3.8538963e-02
7.0821694e-02
1.0519426e-01
2.6249937e-03
-8.5536499e-02
-4.0329974e-02
8.8123603e-02
1.2468835e-01
-9.6550530e-03
-1.1747861e-01
-6.1942419e-02
8.0331435e-02
1.1952938e-01
2.0128464e-02
-7.6416991e-02
-6.8590840e-02
5.7343604e-02
9.3152106e-02
2.5679626e-03
-5.4381110e-02
-3.2921790e-02
2.7428055e-02
3.7553029e-02
3.0511644e-03
-1.0042552e-02
9.7273192e-03
5.4581895e-03
-7.0081848e-03
6.1577971e-03
3.1370233e-02
3.1475310e-02
-7.9070106e-03
-5.3681112e-02
-3.1538200e-02
4.3640123e-02
8.0907996e-02
-1.0472626e-03
-8.6484544e-02
-4.9158077e-02
5.8563132e-02
8.3815020e-02
-1.4570275e-02
-1.1074776e-01
-6.2620542e-02
7.3591609e-02
9.8905216e-02
4.7343633e-03
-9.1722812e-02
-6.0035002e-02
5.4449861e-02
7.9560344e-02
6.1816252e-03
-5.8651803e-02
-2.6512822e-02
3.1358904e-02
3.6440141e-02
2.9648400e-04
-2.4311656e-02
-6.9484193e-03
-5.1035022e-03
-1.8262453e-02
-1.9664793e-02
9.3796639e-03
2.4494078e-02
-2.2404630e-02
-5.2295569e-02
-4.2703012e-03
4.5655352e-02
5.5101422e-02
-1.6755035e-02
-7.7525973e-02
-3.3393274e-02
6.3429135e-02
9.3416558e-02
1.6117150e-03
-7.6542382e-02
-3.0256172e-02
5.8043992e-02
7.5685354e-02
-4.4222539e-03
-8.2195102e-02
-3.3905382e-02
3.3318274e-02
6.7217797e-02
7.6913869e-03
-3.9729585e-02
-1.7410893e-02
2.0349558e-02
1.5971444e-02
-1.1041378e-02
-1.0293333e-02
-2.8046799e-03
1.4479651e-02
2.3636662e-03
-2.3113218e-03
1.9691356e-02
2.6936260e-02
-6.8956851e-03
-4.9012765e-02
-1.1474580e-02
4.8684641e-02
4.3503795e-02
-4.6648314e-03
-5.1132681e-02
-1.3508168e-02
5.5881498e-02
4.8940891e-02
-2.1735881e-02
-7.4843558e-02
-3.0722577e-02
5.4472908e-02
5.6532668e-02
-1.3374575e-02
-7.4366997e-02
-3.4512802e-02
3.4376866e-02
4.6394803e-02
-1.0999968e-03
-3.1595231e-02
-1.5847225e-02
2.5992121e-02
3.5229598e-02
1.4472623e-03
-6.5089673e-03
1.1055050e-02
1.7357378e-02
6.7550612e-03
-4.0410049e-03
1.8098001e-02
2.4918687e-02
-1.1498017e-02
-2.7356961e-02
1.0917551e-02
4.0358100e-02
2.9208910e-02
-1.0740988e-02
-4.9277998e-02
-2.1901115e-02
3.4537021e-02
3.6731156e-02
-1.9550731e-02
-5.8303757e-02
-2.2856582e-02
4.7774097e-02
4.7724488e-02
-7.9109169e-03
-4.2319813e-02
-1.5042930e-02
2.8753442e-02
3.4322178e-02
-1.1404658e-02
-4.1749893e-02
-2.4690171e-02
2.1962835e-02
3.3148353e-02
-4.9683463e-03
-1.1681610e-02
-1.0294114e-02
-1.0597629e-02
5.4882710e-04
3.7488189e-03
3.2503827e-03
8.1800576e-03
-1.5715194e-02
-2.4422203e-02
-1.3724574e-02
3.8031544e-02
2.4809312e-02
-2.3244081e-02
-3.8544432e-02
6.5128743e-03
4.6022929e-02
2.4507360e-02
-2.0208542e-02
-4.4986213e-02
-2.9339765e-03
3.8354980e-02
3.0956562e-02
-2.8672973e-02
-4.3091686e-02
-1.5727694e-02
1.4578479e-02
3.5256160e-02
-1.3839805e-03
-2.5741731e-02
-5.7574068e-03
2.2436271e-02
1.4016371e-02
1.7851555e-04
-9.4011474e-03
1.3429657e-03
6.0273321e-04
-8.0507603e-03
2.6515561e-03
1.7651518e-02
1.1782392e-02
6.1577971e-03
-1.8641358e-02
-1.0933565e-02
3.2522183e-02
2.1632367e-02
-1.0908956e-02
-4.3592857e-02
-1.4890586e-02
2.9463206e-02
2.7151103e-02
-1.1714423e-02
-3.6427641e-02
-8.6855243e-03
4.1901456e-02
2.0589010e-02
-2.7525710e-02
-5.0851823e-02
-1.5858553e-02
3.2442886e-02
2.2999942e-02
-1.7540970e-02
-3.8797166e-02
-6.8554508e-03
3.9064744e-02
2.1907757e-02
-2.8581954e-03
1.3507782e-03
1.5390586e-02
1.4495276e-02
-3.7773337e-03
7.4359188e-03
2.1428071e-02
1.3221451e-02
5.1327997e-03
-6.5636547e-03
4.6527228e-03
2.9603831e-02
1.2269500e-02
-2.2603457e-02
-3.6183891e-02
-4.0171768e-03
2.8513209e-02
1.8901514e-02
-2.7737429e-02
-3.5487409e-02
-1.6679641e-03
4.3416686e-02
3.7023734e-02
-1.1785516e-02
-3.1039373e-02
5.7089701e-03
4.0070210e-02
2.2355803e-02
-8.1835724e-03
-1.7606595e-02
-8.5823995e-03
1.4708166e-02
1.8233938e-02
8.2265453e-04
-5.5722510e-03
1.0489427e-02
4.5019420e-03
-4.4953006e-03
1.1519506e-03
1.1209737e-02
5.6019392e-03
-8.6198994e-03
-3.7070214e-03
1.4324182e-02
1.5861288e-02
4.0449119e-03
-1.5259726e-02
-2.2251115e-02
-6.5507607e-04
2.0567526e-02
1.3347232e-02
-2.0325338e-02
-3.2054996e-02
-4.2703012e-03
3.2417496e-02
2.7075712e-02
-8.4261499e-03
-3.1594841e-02
-1.3848792e-02
2.2056194e-02
2.1808148e-02
-1.1529658e-02
-1.4235901e-02
8.3984198e-04
2.3043301e-02
2.3158925e-02
-1.2678873e-02
-1.6783550e-02
-1.1661298e-02
9.5675540e-03
2.0632763e-03
-5.1667833e-03
-5.9245938e-03
6.9089671e-03
5.5413924e-03
-1.2511683e-03
2.8339775e-03
1.5347227e-02
8.9183369e-03
-1.1844891e-02
-1.6470661e-02
-2.7499891e-04
1.2177313e-02
6.3851403e-03
-2.1352289e-02
-1.3985120e-02
4.4464734e-03
1.8278860e-02
1.8278079e-02
-1.0982003e-02
-2.7400320e-02
2.1472605e-03
2.7828835e-02
3.1635466e-02
-5.5214699e-03
-1.9420262e-02
-1.7814407e-02
6.5921710e-03
1.6348787e-02
-8.6886493e-03
-1.0966378e-02
3.8620999e-03
-5.0429555e-03
4.0070214e-03
-1.1965203e-02
-1.3044888e-02
-4.3109261e-03
-7.8636514e-03
-1.8417140e-02
4.5456919e-03
1.6146834e-02
-5.7785005e-03
-2.6185089e-02
-1.6069880e-02
4.9574096e-03
1.7306206e-02
1.5731210e-02
-1.5885115e-02
-1.8198391e-02
1.8320269e-03
1.2692155e-02
3.9085841e-03
-2.1276508e-02
-1.6982769e-02
1.5324183e-03
2.5546813e-03
2.8585868e-03
-1.7810110e-02
-3.0481953e-02
-2.4621027e-03
-6.0331873e-03
6.1988126e-03
9.0640397e-03
-1.7855813e-02
-1.3608168e-02
-6.2331868e-03
-7.2355280e-03
-1.2636686e-02
6.0995941e-03
7.4851375e-03
3.3835855e-03
-3.7183495e-03
6.2777187e-03
4.0867087e-03
5.7605325e-03
-7.8394327e-03
-1.4451525e-02
2.2066354e-03
1.9029249e-02
7.5636529e-03
-1.7424955e-02
-1.4156604e-02
1.0717942e-02
1.1780439e-02
-1.8613230e-03
-2.3626892e-02
-2.4638999e-02
1.1449190e-02
3.2226871e-02
2.4103454e-02
-7.3163837e-04
1.0123803e-02
1.5308555e-02
9.2468517e-03
-1.3992148e-03
-9.9124742e-03
-1.3467543e-02
-1.5687069e-02
-2.2632751e-03
7.5679498e-03
8.1468545e-03
7.1839664e-03
1.0814816e-02
1.2910127e-03
-1.4765549e-04
-1.9273384e-03
1.2088251e-02
-4.4578007e-03
-1.8646046e-02
8.3163888e-04
5.6331891e-03
1.2417156e-02
9.6339601e-03
-2.0588228e-02
-2.4730014e-02
1.5610117e-02
3.1658513e-02
1.7169878e-02
-4.7648312e-03
-7.2312311e-03
7.4800594e-03
1.6697614e-02
1.1398018e-02
-3.5706936e-03
-3.7589744e-03
9.7589598e-03
6.3003749e-03
2.5937472e-04
-8.4417749e-03
-5.0706898e-03
5.5128769e-03
1.6051131e-02
1.3872230e-02
1.9614013e-02
1.6470661e-02
7.9355269e-03
-6.2929523e-03
-7.5679490e-03
-1.2180437e-02
1.2917936e-02
2.3092519e-02
1.5695273e-02
3.4871008e-03
2.1695648e-02
3.2014762e-02
1.8430422e-02
-7.1327939e-03
-1.0513645e-02
9.8421627e-03
2.8318678e-02
-4.4335786e-04
-8.6589618e-03
1.0472633e-03
1.9824168e-02
1.2869108e-02
-9.7831777e-03
-1.8304640e-02
-1.6133552e-02
1.8068704e-02
1.6717926e-02
1.1162472e-02
1.3422622e-02
3.0113208e-03
2.0339795e-03
7.1890445e-03
8.8620871e-03
2.5214389e-02
2.4185876e-02
1.7610502e-02
2.1911663e-02
1.6027303e-02
-8.9073987e-03
1.3435122e-02
2.1515574e-03
1.7324178e-03
-6.9202944e-03
-6.7089668e-03
-1.7945263e-03
-4.8980340e-03
-1.1174190e-02
-2.1456973e-03
1.6374958e-02
1.0921847e-02
-3.1667884e-03
-6.7995916e-03
2.5859313e-03
6.2808437e-03
1.4931603e-02
1.2508953e-02
2.1062450e-03
-1.0789816e-02
-4.5245974e-03
-3.1976477e-03
-6.2538899e-03
-4.4495976e-03
1.4593716e-03
8.2792761e-03
2.5386658e-03
1.0035134e-03
-9.9140333e-04
1.1857392e-02
2.2265572e-03
-4.4566288e-03
-5.2019394e-03
-2.0464791e-02
-2.2374552e-02
-1.9153857e-02
5.1851434e-03
7.9300582e-03
-6.7370917e-03
1.4386686e-03
-6.9999817e-03
2.6902279e-03
-8.8437235e-04
1.2605827e-02
2.3104238e-02
1.4739025e-02
1.0086693e-02
9.3183359e-03
8.3902133e-03
1.0452317e-02
-3.6265528e-03
-8.9956797e-03
7.4726409e-04
-7.4550587e-03
-6.1476401e-03
5.1042842e-03
-5.3632637e-04
5.5585833e-04
4.4820202e-03
-7.6398238e-03
-1.2121844e-02
-8.2636503e-03
-3.0066325e-03
-1.2202312e-02
3.0613207e-03
5.6492047e-03
-5.2730330e-03
2.3218694e-03
2.0746044e-03
-6.5870921e-03
1.0390989e-02
7.7370899e-03
6.1796721e-03
-1.0181614e-02
-8.4952904e-03
6.3894371e-03
3.0546801e-03
-7.3945119e-03
-1.5956987e-03
-8.4984154e-03
3.5820225e-03
1.2242157e-02
1.0214427e-02
-7.6870893e-03
-1.6610895e-02
1.0449974e-02
1.3356216e-02
2.1184321e-02
1.2998014e-02
-2.2558532e-03
4.7656166e-04
2.0589795e-03
8.1429483e-03
-3.2734287e-03
1.0156228e-03
-5.7077975e-03
1.1873798e-02
1.5430430e-02
1.5623398e-02
1.6410505e-02
-5.0445180e-03
-1.2617545e-02
-1.3481215e-02
-1.7574955e-02
-6.9964661e-03
-4.6578002e-03
-8.0519321e-03
-2.6109304e-03
-3.0300700e-03
1.5228868e-02
1.8425344e-02
3.0781209e-04
1.1746064e-02
1.0740989e-02
2.0003465e-02
5.2613150e-03
8.9718524e-03
1.4351530e-03
-4.0132706e-03
-9.6991935e-03
-2.6785084e-03
-1.5749956e-03
-3.3777253e-03
4.5585825e-03
-6.3292803e-03
6.7562331e-03
7.0452948e-03
-4.9183464e-03
1.5437464e-03
9.6445104e-04
7.4991999e-03
-1.4101488e-04
-3.3867097e-03
-3.4941313e-03
-9.8679431e-03
-7.0363097e-03
-1.5672225e-02
-1.3531606e-02
-9.3429445e-03
-3.9808488e-03
-8.6476337e-03
-9.5632564e-03
6.3124877e-04
-9.5859091e-04
-4.3300667e-03
-3.5386624e-03
6.8800609e-03
-3.5968654e-03
-8.6261494e-03
-3.0808511e-03
-1.0294114e-02
-3.5015532e-03
-1.1425748e-03
4.2906144e-03
-3.7933493e-03
-1.6498786e-02
-1.1170674e-02
4.9492099e-04
-1.0226536e-02
1.4628873e-03
-2.9828045e-03
-3.4304596e-03
-6.6847481e-03
4.5660043e-03
-3.4890532e-03
-2.4214778e-03
-6.1398277e-03
-4.2820199e-03
-3.6140529e-03
-1.6541754e-02
6.7007645e-03
6.6136553e-03
3.6378817e-03
2.0235886e-02
1.4083167e-02
5.1499872e-03
-1.2520671e-02
-8.5976339e-03
-1.2369109e-02
-3.3691316e-03
-8.0417759e-03
-1.4179651e-02
-1.6390192e-02
-1.0779269e-02
-9.9218115e-05
-8.8792738e-03
1.4831997e-03
-9.9491895e-04
-6.8234197e-03
1.1624974e-03
9.6546632e-03
9.9460687e-03
1.1618330e-02
5.6452984e-03
-1.0546844e-03
4.1214742e-03
1.0274193e-02
2.5292908e-03
3.2984294e-03
-7.3956838e-03
-1.4071448e-02
-1.7867138e-03
4.5023326e-03
7.1273259e-03
3.3117107e-03
1.9035111e-03
-1.2187078e-02
-1.5012071e-02
-6.1117027e-03
-1.1657782e-02
-2.5434310e-02
-2.0505416e-02
-1.6842535e-02
-1.6449958e-02
-3.5343656e-03
3.2703045e-03
1.7078085e-03
-7.7870891e-03
1.2473797e-02
1.4343714e-02
-2.7179614e-03
1.5195277e-03
-1.6105424e-03
5.6484234e-03
8.2433387e-03
-2.9507733e-03
-7.0722471e-03
-4.9648307e-03
-4.4851444e-03
-8.2070099e-03
-7.9941198e-03
-1.4988239e-03
5.7964699e-03
-5.4413919e-03
-5.8921720e-03
-1.3967933e-02
-1.6183943e-02
-6.4167801e-03
1.7877689e-02
-1.2843713e-03
1.8554644e-03
1.2401141e-02
-3.1234291e-03
4.3124893e-03
9.6796665e-04
-8.5714621e-03
-4.0152237e-03
-6.1409995e-03
5.1245966e-03
4.6570197e-03
-1.1464423e-02
-1.5923396e-02
-1.4667540e-02
3.9859277e-03
2.2581977e-03
-2.4666343e-02
-1.3173794e-02
3.0906175e-03
-2.1511660e-03
8.4949005e-03
1.1361299e-02
-1.6405827e-05
-7.1515438e-03
-3.2476476e-03
-5.5296730e-03
-6.4679518e-03
-9.2890349e-04
3.8515565e-04
-4.8175654e-03
4.0374900e-03
1.3652700e-02
6.4554526e-03
1.3179658e-03
1.0187084e-02
-2.9218637e-04
-1.0465207e-02
1.1330831e-02
1.3259341e-02
-5.1847520e-03
-1.1066374e-03
-9.8749709e-04
-1.1666376e-02
-1.4228479e-02
-1.4221838e-02
-1.7690970e-02
-1.7174565e-02
-7.5195082e-04
-6.0937340e-03
-1.8226515e-02
-3.4601470e-03
7.5269342e-03
-3.9538957e-03
-3.7382713e-03
3.2734295e-03
-1.2341374e-02
-1.9957370e-02
-6.3210772e-03
3.4933508e-03
2.9937427e-03
6.9245920e-03
-4.4530755e-05
-3.5675686e-03
-3.0265544e-03
-3.6304591e-03
3.3535074e-03
9.2027112e-03
3.6070224e-03
-1.7968666e-04
5.3226430e-03
-4.6843626e-03
-6.4441237e-03
-9.2019292e-03
-1.3157388e-02
-4.0296768e-03
9.6109133e-03
-2.4031185e-03
-9.7429434e-03
6.8046705e-03
1.2960908e-03
-1.2007778e-03
1.1249972e-02
5.9972507e-03
1.5363633e-02
9.9710686e-03
8.2351355e-03
8.4378694e-03
-1.3377309e-02
-1.0378489e-02
-2.2230408e-03
-8.5745870e-03
-4.3855353e-03
-9.9659897e-03
3.7304596e-03
-7.9175575e-03
-1.2012469e-02
4.0511619e-03
1.1445284e-02
2.8945242e-03
6.8003736e-03
-2.2140565e-03
-4.3609260e-03
1.3869496e-02
1.3115592e-02
6.7570143e-03
7.3402160e-03
6.0390509e-04
-4.6288940e-03
-1.2910123e-02
-1.6429642e-03
-7.4988085e-03
-2.5274544e-02
-1.2072625e-02
-2.9613202e-03
-8.2109161e-03
-6.3952957e-03
-9.2308354e-03
-1.5031211e-02
8.5484160e-03
8.7964622e-03
-8.6261494e-03
-4.6242065e-03
-1.6394485e-03
-7.7601360e-03
3.9464747e-03
-5.0949085e-03
-3.6824121e-03
-5.8683440e-03
-5.3488141e-03
-1.3808555e-03
-1.6679644e-02
-5.2124863e-03
-9.0960701e-03
-3.1695228e-03
-1.0605051e-02
-1.5823787e-02
-7.6593550e-03
1.0621848e-02
-3.1992067e-04
-8.3191189e-03
-7.9808386e-03
-3.4371002e-03
-6.7800604e-03
2.4261660e-03
7.9843584e-04
-1.9878852e-03
-1.0083177e-02
-1.4016370e-02
-1.2224968e-02
-6.2038900e-03
7.4726409e-04
-1.2773367e-04
4.8058475e-03
2.5574157e-03
-7.7644329e-03
4.2367083e-03
2.3597600e-03
-8.7202898e-03
-1.6165974e-02
-7.3628714e-03
-2.0316350e-03
-1.3519493e-03
3.7101471e-03
-3.3867063e-04
-4.3855353e-03
-1.0206614e-02
7.1585758e-03
4.8620973e-03
1.8105426e-03
-4.0898329e-03
-3.1261635e-03
-5.1601392e-04
-8.3480251e-03
2.5433532e-03
3.6445223e-03
1.2656256e-04
4.3210831e-03
-9.2503666e-03
-1.2723795e-02
9.4296672e-04
1.0014037e-02
3.4695227e-03
-5.9523281e-03
-5.6722507e-03
9.7503660e-03
1.7156210e-03
8.0078301e-05
-1.0250364e-02
-1.3624574e-02
-1.8474562e-02
-1.7979641e-02
-1.2068719e-02
1.1333956e-02
2.7347590e-03
-7.0702906e-04
-1.2710901e-03
-8.1913815e-04
-6.4433425e-03
5.9812351e-03
-5.6081884e-03
-3.4538970e-03
-2.5238213e-03
3.6503817e-03
-1.5746050e-03
4.2761613e-03
1.7714802e-03
-6.7726385e-03
-1.3464809e-02
-4.7109216e-04
2.5703063e-03
-4.4980350e-03
-2.6730397e-03
-6.1472495e-03
-5.8054535e-03
1.3763637e-02
1.0790207e-02
3.5531163e-03
-7.3906023e-04
-1.4096448e-02
-1.0625754e-02
6.5253743e-03
8.4031039e-03
7.8558396e-03
7.6367030e-04
-1.8605417e-03
-4.0492080e-03
-7.4554493e-03
3.6261630e-03
-5.2367050e-03
-9.2851287e-04
5.9320164e-03
-9.3546632e-03
5.1980339e-03
2.1874982e-04
-1.2308558e-03
-1.2790982e-02
-4.2265513e-03
7.9062336e-04
-7.6046677e-03
-1.5667147e-02
-1.2869498e-02
-2.0664006e-03
-1.3453087e-03
-6.2409993e-03
5.1363154e-03
2.9503835e-03
-5.1956894e-03
-9.1749761e-03
-2.8792891e-03
-1.5090977e-02
-8.3476311e-04
-2.3554589e-04
3.7148381e-04
9.1538832e-03
5.3210805e-03
1.2039035e-03
-3.2699131e-03
8.8042747e-03
-1.2069109e-02
-1.5663631e-02
-1.0569504e-02
-1.1889032e-02
5.8624854e-03
5.3812366e-03
1.4867153e-03
-1.6667922e-03
-1.5167148e-02
-4.9566276e-03
-9.6351312e-03
-1.1821454e-02
-7.7913859e-03
-4.7964717e-03
7.3984224e-04
-2.4757745e-03
-3.8578022e-03
1.2468722e-03
1.0934347e-02
1.1868720e-02
6.9191233e-03
-2.7593676e-03
-1.2317546e-02
-7.9839636e-03
-2.0488225e-03
-9.0538827e-03
2.8355400e-03
2.4816347e-03
1.2808565e-03
9.6386476e-03
-3.3328036e-03
-4.2085826e-03
-6.2964679e-03
-2.7335864e-03
-5.4898293e-03
-1.1973797e-02
-1.0224973e-02
-7.4640430e-03
-8.2007599e-03
-8.6234150e-03
-1.3189028e-02
5.8320201e-04
1.8518312e-02
-4.1453015e-03
-1.9709715e-02
4.6847540e-03
9.0788834e-03
3.0749925e-03
-5.2038925e-03
6.8171704e-03
5.5523299e-03
2.1097606e-03
-4.4620976e-03
-4.2874886e-03
-4.1492077e-03
2.1898385e-03
-1.1401924e-02
-8.7937271e-03
-2.2507751e-03
-2.6871021e-03
-1.0325364e-02
-5.5468227e-05
7.2988098e-03
1.0761692e-02
-2.9222578e-03
-5.9402188e-03
-5.0929553e-03
5.7566263e-03
-3.9535051e-03
-1.4259729e-02
-8.3874781e-03
1.3832000e-03
1.4542935e-03
1.3523794e-02
4.1089742e-03
-1.0664031e-03
-3.4492061e-04
-6.3671331e-05
5.0038973e-04
-7.9988073e-03
-4.4023287e-04
1.0786301e-02
6.9284983e-03
4.3898329e-03
-2.1382754e-03
5.4843648e-04
4.0339744e-03
-7.5906052e-03
-1.4964024e-02
-1.4883555e-02
-1.8645264e-02
3.9257716e-03
5.1296747e-03
-4.4464726e-03
4.8695192e-03
-4.8331904e-03
6.0742070e-04
-1.0315208e-02
-1.3056607e-02
-9.3519288e-03
-4.0253799e-03
-8.0644321e-03
-6.9402162e-03
1.0541770e-02
4.1288961e-03
-1.3895667e-02
-6.7804510e-03
-8.4831810e-03
1.5816370e-03
9.4726358e-04
-1.7593701e-03
-1.2410124e-02
-8.1034945e-03
1.7409721e-02
3.5738194e-03
-1.2307390e-02
-9.0991951e-03
-4.7109251e-03
-6.3929520e-03
1.2040985e-02
1.4572229e-02
-4.5093631e-03
-1.4183554e-03
1.7554643e-02
1.1214034e-02
-8.5585680e-04
8.8952901e-03
1.2654265e-02
-9.7460650e-04
5.9488133e-03
5.9288915e-03
2.3124979e-04
-1.2555827e-02
-8.7523210e-03
-3.0140544e-03
-1.6871047e-03
-1.3819495e-02
-8.2124786e-03
-7.1027158e-03
-4.8788899e-04
-3.0859292e-03
9.9179472e-04
-2.7499926e-03
1.1394506e-03
4.9570224e-04
-6.9952942e-03
-5.9179498e-04
5.4855332e-03
7.3984224e-04
-8.6034932e-03
-1.2876529e-02
-5.0206899e-03
3.4828040e-03
9.9062285e-04
-2.6710865e-03
-1.1994500e-02
-1.0394114e-02
-3.9581926e-03
-1.1892938e-02
-2.0872212e-02
-1.1066378e-02
1.3611294e-02
1.6902691e-02
3.5988193e-03
9.7136474e-03
4.0495994e-03
-1.9199166e-03
-4.6492065e-03
-1.1093331e-02
1.1622236e-02
1.7152304e-03
-7.2273249e-03
-1.1924969e-02
-2.9941326e-03
2.9531213e-04
-5.9937343e-03
6.1734221e-03
-1.1817547e-02
-9.0909920e-03
1.5085903e-03
-6.0367029e-03
-5.1171706e-04
-3.1027261e-03
-1.8014407e-02
-2.0272213e-02
-2.1796819e-02
-1.8253859e-02
5.9913913e-03
6.1695158e-03
2.9160085e-03
1.3523407e-03
3.4261635e-03
2.8703055e-03
-2.9261640e-03
-9.9425523e-03
-1.1606220e-02
-1.4308553e-03
-8.0202916e-03
-1.3017154e-02
-1.4383166e-02
6.4046715e-03
1.2105442e-03
-3.1101479e-03
7.6999807e-03
1.0886691e-02
6.2370938e-03
5.4488146e-03
-7.3484183e-03
7.3238098e-03
-1.3343715e-02
-1.1715204e-02
1.5625341e-05
-4.0581924e-03
-3.0593668e-03
-6.9921658e-04
-2.6093679e-03
-1.1148018e-02
-3.5304593e-03
-7.4886523e-03
-4.6851439e-03
3.3378825e-03
-1.9921820e-03
-1.1637079e-02
-7.9265418e-03
-1.2277703e-02
2.6511655e-03
1.7578118e-04
-4.5292849e-03
-3.5691311e-03
6.0327974e-03
-3.9538957e-03
4.5859261e-03
-3.6730371e-03
3.7175690e-03
2.0573385e-02
-8.4316187e-03
1.5480433e-03
1.2980439e-03
-2.0749943e-03
6.2956874e-03
-7.1999812e-03
3.4218666e-03
3.2371015e-03
1.0165599e-02
2.4542910e-03
-4.3972540e-03
-1.2601139e-02
-1.1582392e-02
-7.5441209e-03
-1.0409739e-02
2.9765553e-03
-1.3201138e-02
-1.0734347e-02
-6.9077944e-03
-6.7136543e-03
1.1941379e-03
4.5234297e-04
3.3605387e-03
7.7656089e-04
-1.1711298e-02
-8.4386499e-03
-4.2937386e-03
-6.6636544e-03
-1.0592941e-02
-1.1264815e-02
-5.5210792e-03
-9.4351317e-03
-7.6027145e-03
-7.1046689e-03
-5.4749856e-03
-1.3636293e-02
-7.1769344e-03
-6.1523242e-04
1.2648409e-03
6.9960797e-04
1.1351537e-03
-5.6210790e-03
-1.3046838e-03
2.1656198e-03
1.9363235e-03
-8.7226335e-03
-4.4007696e-03
3.5136633e-03
8.4519319e-03
-1.1394498e-03
-1.0160126e-03
-4.9007683e-03
-5.1917832e-03
7.0710760e-03
-3.8070211e-03
-3.1226479e-03
-1.1949184e-03
-2.0917911e-03
-8.3441189e-03
-1.0313254e-02
-1.9118310e-02
-1.2995669e-02
-6.1238121e-03
1.2031257e-04
3.1507736e-03
-2.4878839e-03
-4.1785045e-03
1.0389818e-02
-1.6848785e-02
-7.7519329e-03
4.0335838e-03
4.1538960e-03
-9.1226325e-03
-2.4199153e-03
1.0984738e-02
2.1324168e-03
-1.6835856e-04
-6.1214683e-03
-5.9367032e-03
-1.2257781e-02
-5.9566250e-03
1.8921827e-02
-2.0382757e-03
-5.5327980e-03
-5.5695166e-03
-5.7640474e-03
-2.1843303e-02
-9.1144294e-03
1.2646843e-02
-1.4956989e-03
-1.5710897e-02
-5.6245946e-03
7.8671712e-04
-6.2773239e-04
6.6577958e-03
-5.5574073e-03
-5.7035006e-03
-3.0296794e-03
-1.4843712e-02
-1.3956605e-02
-6.1300621e-03
-1.1874966e-03
1.0811301e-02
5.3171743e-03
3.2898357e-03
4.9605346e-03
-2.1424164e-02
-1.1482392e-02
-1.4299572e-02
-5.4792825e-03
1.3377310e-02
8.1031046e-03
1.5660120e-03
-1.2101922e-02
-1.4443322e-02
-1.3440200e-02
-1.5215195e-02
-1.0963643e-02
-9.7226275e-04
-6.5921702e-03
-5.1558458e-03
-1.1505048e-02
-1.0549191e-02
-1.4067932e-02
3.6757757e-04
2.9706959e-03
-1.4753865e-03
8.6316189e-03
-1.6871047e-03
-9.2577884e-03
1.1253487e-02
3.2367108e-03
-1.2113250e-02
-9.2624759e-03
1.1023413e-03
-1.1772626e-02
2.3980411e-03
1.0717160e-02
5.0925655e-03
3.0980393e-03
-6.4847486e-03
-1.0490207e-02
-8.3386501e-03
-2.0781193e-03
-5.7886567e-03
1.4949184e-03
-9.2179448e-03
-8.8503676e-03
-4.8968621e-03
-1.6782379e-02
1.8749990e-04
7.2925598e-03
8.7308374e-03
3.7265568e-04
3.8499905e-03
-6.0074061e-03
-1.2730045e-02
-1.1746060e-03
-7.7656013e-04
-1.8297609e-02
-1.3197622e-02
-1.4448010e-02
-3.7788962e-03
5.4933457e-03
-1.1969110e-02
-6.6570138e-03
-1.2546839e-03
-1.5215195e-02
-2.4362437e-02
5.9699070e-03
6.1120941e-03
-4.8363154e-03
-4.0730361e-03
-5.5199074e-03
8.8616964e-03
9.6624756e-03
-4.3578010e-03
4.3460830e-03
-1.1785907e-02
-1.8681202e-02
-1.4176916e-02
-1.0190989e-02
-6.2202962e-03
7.2515443e-03
4.8531130e-03
-4.3101448e-03
-6.9007632e-03
2.5664035e-04
-7.6476363e-03
-1.3371840e-02
1.3515594e-03
-8.4402124e-03
-1.2572624e-02
-1.9633152e-02
-3.5585843e-03
-5.8320159e-03
-6.6359201e-03
-7.1952903e-04
4.2038959e-03
1.8785112e-03
-4.5824098e-03
4.0066307e-03
-2.5292900e-03
-1.0937862e-02
-1.1171808e-04
3.7550689e-03
-8.2234161e-03
-5.7601411e-03
-1.0355438e-03
-4.0136612e-03
-5.0210805e-03
-6.9249819e-03
-2.0840181e-02
-2.0197214e-02
-1.0028880e-02
5.2101433e-03
3.5031164e-03
-1.4980427e-03
-8.4843529e-03
-1.0213645e-02
-1.4092151e-02
-4.6531127e-03
-2.4031185e-03
6.0363131e-03
5.3683460e-03
-3.6902245e-03
-6.6691232e-03
-7.3085712e-04
8.0663860e-03
1.2316379e-03
-5.9656093e-03
-6.3359209e-03
-2.0823384e-02
-2.0489400e-02
-1.3578871e-02
-6.0648278e-03
-1.9433540e-03
-1.2476921e-02
-1.0733957e-02
-1.7463236e-02
4.6054573e-03
6.1449065e-03
-1.2508952e-02
-3.3464754e-03
2.5914000e-03
1.5791366e-02
2.1507367e-02
1.1497237e-02
-2.6890552e-03
2.1191356e-03
4.9019410e-03
1.4285123e-03
-8.8437270e-03
-4.5101443e-03
-7.0523253e-03
1.1708174e-02
7.5476373e-03
-5.9820156e-03
-9.5902094e-03
-5.3367047e-03
-4.4230352e-03
2.9585866e-03
3.0773363e-03
9.3988044e-03
7.3515441e-03
1.2402703e-02
5.1574091e-03
-4.6527221e-03
-9.2132573e-03
-1.2869107e-02
-7.7550579e-03
-5.6136571e-03
-3.4140534e-03
-5.9156095e-03
-1.6003861e-03
-2.2898375e-03
-7.4831836e-03
2.2226509e-03
1.8617144e-03
3.7574126e-03
-2.1871034e-03
-1.2944107e-02
-1.2037469e-02
-7.5218554e-03
2.2351509e-03
1.1889814e-02
1.5299571e-02
1.2751921e-02
7.3702940e-03
1.4792935e-03
-1.2415202e-02
-1.2832779e-02
-8.5437277e-03
-7.9835729e-03
-1.4344885e-02
-2.3058534e-02
-7.4304493e-03
-1.5426523e-02
-2.5054623e-02
-2.5653059e-02
-1.5090977e-02
-1.8536671e-02
-5.4421732e-03
-1.5862459e-02
-9.0671639e-03
-1.2612467e-02
-1.1884735e-02
-3.9410052e-03
-8.9042737e-03
-1.2652311e-02
-1.1002706e-02
-7.5441209e-03
2.1433543e-03
-4.0242081e-03
-1.0790988e-02
-2.0760493e-02
6.3749875e-04
-2.9496014e-03
-1.4471447e-02
-7.4257584e-04
8.7499814e-04
4.0781184e-04
5.6140485e-03
1.4117155e-03
1.5479648e-02
5.2445182e-03
-2.2671426e-02
-2.7898362e-03
-7.4964648e-03
-1.3000748e-02
-1.1494892e-02
-4.3456916e-03
1.3382782e-03
-7.0113098e-03
-5.3652203e-03
-6.7124824e-03
-1.1537470e-02
-6.3601396e-03
-4.9214714e-03
-4.0425674e-03
-2.7613207e-03
-8.0265416e-03
-2.0769087e-02
-2.3578064e-02
-1.3721839e-02
-5.1952954e-04
-5.1152209e-03
-1.4591759e-02
-1.4691365e-03
8.5706816e-03
8.7890438e-04
1.3732387e-02
3.4894446e-03
-5.6718567e-04
3.7132721e-03
-1.2270281e-02
-1.5345273e-02
-2.0672603e-02
-2.6225323e-02
-1.8962060e-02
-2.1048774e-02
-2.0471822e-02
-7.4909961e-03
-1.5945268e-03
1.2621452e-02
-1.6867141e-03
-2.1331195e-02
-9.0277109e-03
-1.4380822e-02
-1.4499572e-02
1.1871067e-03
3.8894435e-03
7.9031051e-03
8.6554470e-03
7.3269347e-03
-6.8327946e-03
-5.3613140e-03
8.4507600e-03
-8.2226348e-03
-5.8804533e-03
-1.2160906e-02
-1.2603874e-02
-9.0909920e-03
-1.5765975e-02
-2.0185495e-02
-5.0816272e-03
-1.0207001e-03
-2.3490564e-02
-2.1136274e-02
-2.9600314e-02
-1.1421455e-02
-1.7250737e-02
-1.2333952e-02
-1.4315979e-02
-2.6013996e-02
-1.0661300e-02
-1.1436689e-02
-8.9437267e-03
-3.7281151e-03
-1.0367161e-02
-8.8273208e-03
-4.8136592e-03
4.2304617e-04
-3.6253810e-03
-7.1031064e-03
-1.4899571e-02
-8.9034925e-03
-1.2312468e-02
-8.0347447e-03
-9.0784920e-03
-6.6156077e-03
-2.6589772e-03
-1.8984323e-03
-3.8546773e-03
-3.3374911e-03
1.9945265e-03
3.3226481e-03
-2.9976482e-03
-7.7835734e-03
-4.1386609e-03
-5.0554554e-03
-1.5834334e-02
-1.6306598e-02
-1.5944490e-02
-2.0953071e-02
-8.4116968e-03
3.9581934e-03
-6.9238100e-03
-3.4210846e-03
-4.5249880e-03
-6.3468584e-03
-2.5781180e-03
-1.5327695e-02
-7.1409970e-03
-1.0786300e-02
-1.2904263e-02
-1.0070677e-02
-1.9960105e-02
-1.2285515e-02
-7.3566214e-03
-1.8762061e-02
-8.2480254e-03
-4.9820181e-03
-7.2042781e-03
-6.4128738e-03
-1.3825355e-02
-8.3988062e-03
-1.8154641e-02
-1.7062453e-03
5.8077980e-03
-1.0460129e-02
-7.4960742e-03
3.3898355e-03
4.4847545e-03
-7.5515428e-03
-1.6626520e-02
-4.4390508e-03
-3.2015539e-03
-8.0468540e-03
-7.1476376e-03
-9.0062266e-03
-2.8546798e-03
-4.1413953e-03
-3.9105365e-03
-1.1805829e-02
1.9242142e-03
-5.8964689e-03
-2.6117117e-03
7.5995903e-03
2.0240574e-02
5.1296747e-03
-2.4265559e-03
-1.0800750e-03
1.0476539e-03
1.0814816e-02
-1.3152310e-02
-1.6127693e-02
-1.9218697e-03
5.7886574e-03
-1.5020274e-02
-9.7077873e-03
-6.6992012e-03
-1.1657392e-02
-2.0088620e-02
-4.4007696e-03
1.1426924e-02
1.6515587e-03
-1.4109335e-03
-6.7186947e-05
1.4117155e-03
-2.7617113e-03
-2.0074164e-03
-2.1679594e-04
-8.5480246e-03
-2.2943300e-02
-8.9613048e-03
-3.3656160e-03
-7.7425579e-03
-1.4109335e-03
-6.5542797e-03
-2.4613999e-02
-1.5567929e-02
-1.2992150e-03
1.8195270e-03
2.1988229e-03
-5.0351395e-04
-7.1249814e-03
-3.8054586e-03
2.4210879e-03
-3.0913980e-03
1.6757808e-04
1.7464803e-03
-5.6124853e-03
-6.2839679e-03
-1.5375351e-02
-2.4841733e-02
-1.3295669e-02
-9.3675538e-03
-1.6580035e-02
-1.2183562e-02
-2.8839770e-02
-3.4261627e-03
-3.2703037e-03
-1.1537861e-02
-6.9163882e-03
-2.8628829e-03
-6.9570096e-04
5.0781158e-04
-2.4746027e-03
-1.7706982e-03
2.2714789e-03
6.4120933e-03
-5.9964686e-03
1.0156262e-04
2.5992125e-03
8.1156046e-03
1.6234337e-03
2.9425710e-03
-2.6062429e-03
-2.8144455e-03
-5.3695171e-03
-5.8964689e-03
-2.4468684e-03
-9.7226310e-03
-9.5730220e-03
-3.3292880e-03
8.5468569e-04
-6.0050624e-03
1.0394508e-03
-7.6562300e-03
-2.6825322e-02
-8.1722443e-03
1.2570284e-03
-6.4409988e-03
-1.5867928e-02
-2.0269088e-02
1.4988247e-03
-1.9570224e-04
-2.4192906e-02
-4.1531140e-03
1.5706995e-03
-6.6999825e-03
-5.0050649e-03
-1.4831993e-02
-1.5044492e-02
-7.9038856e-03
-9.2073979e-03
-1.6327692e-02
-1.2629655e-02
-6.8523258e-03
9.5745852e-03
-2.7140552e-03
-2.2773341e-04
-7.3511527e-03
-8.0046666e-03
-3.7800681e-03
-1.0339426e-02
-1.0889815e-02
7.1992007e-03
-8.2741972e-03
-1.6470661e-02
